0.00034900000000000  
0.00032600000000000  
0.00032400000000000  
0.00048700000000000  
0.00058500000000000  
0.00099300000000000  
0.00076800000000000  
0.00164600000000000  
0.00161200000000000  
0.00157800000000000  
0.00165200000000000  
0.00206100000000000  
0.00206300000000000  
0.00377300000000000  
0.00286600000000000  
0.00281100000000000  
0.00348000000000000  
0.00342400000000000  
0.00902200000000000  
0.00905200000000000  
0.00656100000000004  
0.00481500000000000  
0.00594200000000000  
0.00684500000000000  
0.01004100000000000  
0.00822100000000000  
0.00807200000000000  
0.00798200000000000  
0.00783400000000000  
0.01020800000000000  
0.01180600000000000  
0.00909900000000000  
0.01280300000000000  
0.01266700000000000  
0.01122500000000000  
0.01769600000000000  
0.01515200000000000  
0.01424400000000000  
0.01721500000000000  
0.01766600000000000  
0.01748700000000000  
0.02031800000000000  
0.01654000000000000  
0.02464900000000000  
0.02120500000000000  
0.01997699999999997  
0.02147400000000000  
0.02971900000000000  
0.02870400000000000  
0.02372100000000000  
